33
25
-57
-58
-48
2
-92
-32
-74
-28
29
12
59
85
58
41
68
67
85
79
-64
80
93
78
20
-84
-87
39
51
62
87
14
56
-56
47
39
-54
74
49
-30
-21
73
59
72
82
-53
-79
78
39
-92
-45
-44
-36
-72
-58
81
-33
-30
-51
63
-48
-53
-35
31
-77
-82
16
-56
-47
81
-63
74
5
36
60
-94
-74
13
-74
38
-67
33
-45
-10
15
72
27
63
-11
34
27
85
12
-36
-34
-12
-24
36
-87
-78
73
36
-43
58
-87
55
12
53
60
-75
-21
3
-73
30
42
72
29
-76
-12
0
39
70
72
70
76
-94
-36
-53
-17
74
72
-50
65
62
-94
85
-89
28
-85
-85
-3
61
42
13
46
10
5
-16
24
-52
68
79
30
72
-5
44
-8
-47
-73
-45
41
52
-91
20
-49
-65
-14
-57
12
47
-66
57
75
78
-17
6
3
73
76
49
81
-2
-3
5
61
-37
-96
-30
2
78
-91
-85
-80
77
53
72
53
-45
-33
-2
-72
-11
31
-92
61
53
-49
61
-38
0
77
-77
-22
-30
-71
-83
-7
58
43
-13
83
-87
-74
-44
-47
70
-76
31
26
-62
-18
22
19
-47
-6
63
67
-50
-12
-14
76
-76
-91
-57
-9
3
66
-85
-58
-32
-48
74
-69
-49
58
12
56
-47
67
11
20
-72
62
64
-15
35
30
-8
-77
-29
10
58
48
82
-92
-64
4
-50
45
36
66
-76
68
-49
70
62
-1
66
-98
-32
60
15
26
-45
-26
-17
65
-17
76
-71
-54
33
74
13
-57
